V= [
   1.88000
   1.86000
   1.88000
   1.88000
   1.88000
   1.86000
   1.88000
   1.88000
   1.88000
   1.88000
   1.88000
   1.86000
   1.88000
   1.88000
   1.88000
   1.86000
   1.88000
   1.88000
   1.88000
   1.88000
   1.88000
   1.88000
   1.86000
   1.86000
   1.88000
   1.86000
   1.88000
   1.88000
   1.86000
   1.88000
   1.88000
   1.88000
   1.86000
   1.88000
   1.88000
   1.88000
   1.86000
   1.88000
   1.88000
   1.88000
   1.88000
   1.88000
   1.88000
   1.86000
   1.88000
   1.88000
   1.86000
   1.88000
   1.88000
   1.88000
   1.86000
   1.88000
   1.88000
   1.88000
   1.88000
   1.88000
   1.86000
   1.88000
   1.88000
   1.88000
   1.88000
   1.86000
   1.88000
   1.86000
   1.86000
   1.88000
   1.86000
   1.86000
   1.88000
   1.86000
   1.88000
   1.88000
   1.86000
   1.86000
   1.88000
   1.88000
   1.88000
   1.88000
   1.86000
   1.88000
   1.86000
   1.86000
   1.88000
   1.88000
   1.88000
   1.88000
   1.86000
   1.86000
   1.88000
   1.88000
   1.88000
   1.86000
   1.86000
   1.88000
   1.86000
   1.86000
   1.88000
   1.88000
   1.86000
   1.88000
   1.88000
   1.86000
   1.88000
   1.88000
   1.88000
   1.88000
   1.86000
   1.88000
   1.86000
   1.88000
   1.88000
   1.86000
   1.86000
   1.86000
   1.88000
   1.84000
   1.88000
   1.88000
   1.88000
   1.88000
   1.88000
   1.88000
   1.88000
   1.88000
   1.88000
   1.86000
   1.88000
   1.86000
   1.88000
   1.88000
   1.88000
   1.88000
   1.88000
   1.88000
   1.88000
   1.88000
   1.86000
   1.88000
   1.86000
   1.86000
   1.88000
   1.88000
   1.88000
   1.88000
   1.88000
   1.88000
   1.86000
   1.88000
   1.88000
   1.86000
   1.88000
   1.88000
   1.86000
   1.88000
   1.88000
   1.88000
   1.88000
   1.86000
   1.88000
   1.86000
   1.86000
   1.88000
   1.88000
   1.88000
   1.86000
   1.88000
   1.88000
   1.88000
   1.86000
   1.88000
   1.88000
   1.88000
   1.88000
   1.88000
   1.86000
   1.86000
   1.86000
   1.86000
   1.88000
   1.86000
   1.88000
   1.86000
   1.86000
   1.86000
   1.88000
   1.88000
   1.88000
   1.86000
   1.86000
   1.86000
   1.88000
   1.86000
   1.86000
   1.88000
   1.88000
   1.86000
   1.86000
   1.88000
   1.86000
   1.86000
   1.88000
   1.86000
   1.86000
   1.88000
   1.88000
   1.88000
   1.86000
   1.86000
   1.86000
   1.90000
   1.86000
   1.88000
   1.86000
   1.86000
   1.86000
   1.86000
   1.86000
   1.88000
   1.88000
   1.86000
   1.86000
   1.88000
   1.86000
   1.86000
   1.86000
   1.86000
   1.86000
   1.88000
   1.86000
   1.86000
   1.86000
   1.86000
   1.88000
   1.88000
   1.86000
   1.88000
   1.88000
   1.88000
   1.88000
   1.86000
   1.88000
   1.88000
   1.86000
   1.86000
   1.86000
   1.86000
   1.88000
   1.88000
   1.88000
   1.86000
   1.88000
   1.86000
   1.86000
   1.88000
   1.88000
   1.88000
   1.86000
   1.86000
   1.86000
   1.84000
   1.88000
   1.88000
   1.88000
   1.88000
   1.86000
   1.84000
   1.86000
   1.88000
   1.88000
   1.88000
   1.88000
   1.88000
   1.84000
   1.86000
   1.86000
   1.88000
   1.86000
   1.86000
   1.86000
   1.86000
   1.86000
   1.86000
   1.86000
   1.86000
   1.86000
   1.86000
   1.88000
   1.88000
   1.86000
   1.86000
   1.88000
   1.86000
   1.88000
   1.86000
   1.88000
   1.86000
   1.88000
   1.86000
   1.88000
   1.86000
   1.86000
   1.86000
   1.88000
   1.86000
   1.86000
   1.84000
   1.88000
   1.86000
   1.88000
   1.88000
   1.86000
   1.86000
   1.88000
   1.86000
   1.88000
   1.86000
   1.88000
   1.86000
   1.88000
   1.88000
   1.86000
   1.88000
   1.86000
   1.86000
   1.86000
   1.86000
   1.88000
   1.86000
   1.86000
   1.86000
   1.86000
   1.88000
   1.86000
   1.88000
   1.86000
   1.86000
   1.84000
   1.88000
   1.88000
   1.86000
   1.84000
   1.86000
   1.86000
   1.86000
   1.86000
   1.88000
   1.88000
   1.88000
   1.88000
   1.88000
   1.86000
   1.86000
   1.88000
   1.86000
   1.88000
   1.88000
   1.88000
   1.86000
   1.88000
   1.88000
   1.86000
   1.86000
   1.88000
   1.86000
   1.86000
   1.86000
   1.84000
   1.88000
   1.86000
   1.86000
   1.88000
   1.88000
   1.86000
   1.88000
   1.88000
   1.86000
   1.86000
   1.86000
   1.88000
   1.88000
   1.86000
   1.86000
   1.86000
   1.86000
   1.88000
   1.86000
   1.86000
   1.86000
   1.86000
   1.88000
   1.86000
   1.88000
   1.88000
   1.86000
   1.86000
   1.86000
   1.88000
   1.86000
   1.88000
   1.84000
   1.88000
   1.88000
   1.88000
   1.86000
   1.86000
   1.88000
   1.86000
   1.88000
   1.86000
   1.86000
   1.88000
   1.86000
   1.88000
   1.88000
   1.84000
   1.86000
   1.88000
   1.86000
   1.86000
   1.88000
   1.88000
   1.88000
   1.86000
   1.86000
   1.86000
   1.86000
   1.86000
   1.88000
   1.88000
   1.88000
   1.86000
   1.88000
   1.86000
   1.84000
   1.88000
   1.86000
   1.88000
   1.86000
   1.88000
   1.86000
   1.88000
   1.88000
   1.86000
   1.86000
   1.88000
   1.86000
   1.86000
   1.88000
   1.88000
   1.84000
   1.88000
   1.88000
   1.88000
   1.86000
   1.86000
   1.86000
   1.86000
   1.88000
   1.86000
   1.86000
   1.86000
   1.86000
   1.86000
   1.86000
   1.88000
   1.84000
   1.84000
   1.86000
   1.86000
   1.84000
   1.84000
   1.86000
   1.86000
   1.86000
   1.86000
   1.86000
   1.86000
   1.86000
   1.86000
   1.86000
   1.88000
   1.88000
   1.88000
   1.86000
   1.84000
   1.86000
   1.84000
   1.86000
   1.86000
   1.86000
   1.88000
   1.84000
   1.84000
   1.86000
   1.86000
   1.84000
   1.86000
   1.86000
   1.84000
   1.84000
   1.88000
   1.86000
   1.84000
   1.86000
   1.86000
   1.86000
   1.84000
   1.84000
   1.86000
   1.86000
   1.84000
   1.86000
   1.88000
   1.86000
   1.86000
   1.86000
   1.86000
   1.86000
   1.84000
   1.86000
   1.84000
   1.84000
   1.84000
   1.86000
   1.86000
   1.86000
   1.86000
   1.84000
   1.84000
   1.86000
   1.86000
   1.86000
   1.84000
   1.86000
   1.84000
   1.86000
   1.86000
   1.86000
   1.86000
   1.88000
   1.86000
   1.84000
   1.88000
   1.86000
   1.84000
   1.88000
   1.86000
   1.86000
   1.86000
   1.86000
   1.86000
   1.86000
   1.86000
   1.86000
   1.88000
   1.86000
   1.86000
   1.88000
   1.88000
   1.86000
   1.86000
   1.86000
   1.88000
   1.84000
   1.88000
   1.88000
   1.86000
   1.86000
   1.86000
   1.88000
   1.86000
   1.86000
   1.88000
   1.86000
   1.86000
   1.88000
   1.88000
   1.88000
   1.88000
   1.86000
   1.86000
   1.88000
   1.86000
   1.86000
   1.86000
   1.86000
   1.88000
   1.86000
   1.88000
   1.86000
   1.88000
   1.86000
   1.86000
   1.88000
   1.84000
   1.86000
   1.86000
   1.84000
   1.86000
   1.84000
   1.86000
   1.86000
   1.84000
   1.86000
   1.88000
   1.86000
   1.86000
   1.86000
   1.84000
   1.88000
   1.86000
   1.86000
   1.88000
   1.86000
   1.88000
   1.88000
   1.86000
   1.86000
   1.84000
   1.84000
   1.86000
   1.86000
   1.88000
   1.86000
   1.86000
   1.86000
   1.86000
   1.86000
   1.86000
   1.86000
   1.88000
   1.88000
   1.86000
   1.84000
   1.88000
   1.86000
   1.88000
   1.88000
   1.84000
   1.86000
   1.86000
   1.86000
   1.86000
   1.88000
   1.88000
   1.86000
   1.86000
   1.86000
   1.88000
   1.86000
   1.88000
   1.86000
   1.88000
   1.86000
   1.88000
   1.86000
   1.86000
   1.88000
   1.86000
   1.86000
   1.84000
   1.86000
   1.86000
   1.86000
   1.88000
   1.88000
